   5.1400000002044898E-006   1.3289674222495200E-017
   5.1849999984312538E-006   1.3315313777169186E-017
   5.2299999996790888E-006   1.3341015097132861E-017
   5.2750000009269237E-006   1.3366776999262334E-017
   5.3199999991536886E-006   1.3392598381429059E-017
   5.3650000004015244E-006   1.3418478156489646E-017
   5.4099999986282876E-006   1.3444415300982488E-017
   5.4549999998761234E-006   1.3470408804892384E-017
   5.5000000011239584E-006   1.3496457740762900E-017
   5.5449999993507224E-006   1.3522561162495546E-017
   5.5900000005985574E-006   1.3548718242427767E-017
   5.6349999988253214E-006   1.3574928109960068E-017
   5.6800000000731564E-006   1.3601189972770768E-017
   5.7249999982999204E-006   1.3627503055520551E-017
   5.7699999995477554E-006   1.3653866632430608E-017
   5.8150000007955903E-006   1.3680279960827260E-017
   5.8599999990223552E-006   1.3706742372488722E-017
   5.9050000002701902E-006   1.3733253234112883E-017
   5.9499999984969542E-006   1.3759811881796094E-017
   5.9949999997447892E-006   1.3786417720881943E-017
   6.0400000009926241E-006   1.3813070153195714E-017
   6.0849999992193882E-006   1.3839768644975541E-017
   6.1300000004672231E-006   1.3866512633531139E-017
   6.1749999986939880E-006   1.3893301624421969E-017
   6.2199999999418230E-006   1.3920135094624796E-017
   6.2649999981685870E-006   1.3947012563394448E-017
   6.3099999994164220E-006   1.3973933596899215E-017
   6.3550000006642569E-006   1.4000897715565713E-017
   6.3999999988910218E-006   1.4027904504703627E-017
   6.4450000001388568E-006   1.4054953550991326E-017
   6.4899999983656208E-006   1.4082044455287490E-017
   6.5349999996134558E-006   1.4109176833421046E-017
   6.5800000008612907E-006   1.4136350336721340E-017
   6.6249999990880548E-006   1.4163564579166260E-017
   6.6700000003358897E-006   1.4190819230685320E-017
   6.7149999985626546E-006   1.4218113962131887E-017
   6.7599999998104896E-006   1.4245448446103672E-017
   6.8049999980372536E-006   1.4272822401153919E-017
   6.8499999992850886E-006   1.4300235510281425E-017
   6.8950000005329244E-006   1.4327687497238306E-017
   6.9399999987596876E-006   1.4355178075130642E-017
   6.9850000000075234E-006   1.4382706985287116E-017
   7.0299999982342866E-006   1.4410273966390068E-017
   7.0749999994821224E-006   1.4437878785382858E-017
   7.1200000007299573E-006   1.4465521191350678E-017
   7.1649999989567214E-006   1.4493200977654643E-017
   7.2100000002045563E-006   1.4520917898167183E-017
   7.2549999984313212E-006   1.4548671741937077E-017
   7.2999999996791562E-006   1.4576462306698981E-017
   7.3449999979059202E-006   1.4604289420330031E-017
   7.3899999991537552E-006   1.4632152859144723E-017
   7.4350000004015901E-006   1.4660052438611661E-017
   7.4799999986283550E-006   1.4687988005508348E-017
   7.5249999998761891E-006   1.4715959374605402E-017
   7.5699999981029540E-006   1.4743966358827289E-017
   7.6149999993507890E-006   1.4772008825803699E-017
   7.6600000005986231E-006   1.4800086637280702E-017
   7.7049999988253888E-006   1.4828199599428465E-017
   7.7500000000732229E-006   1.4856347620374764E-017
   7.7949999982999870E-006   1.4884530527411008E-017
   7.8399999995478228E-006   1.4912748189952314E-017
   7.8850000007956569E-006   1.4941000502286422E-017
   7.9299999990224226E-006   1.4969287330758248E-017
   7.9750000002702568E-006   1.4997608552130317E-017
   8.0199999984970208E-006   1.5025964056085535E-017
   8.0649999997448566E-006   1.5054353741426892E-017
   8.1099999979716206E-006   1.5082777489553675E-017
   8.1549999992194548E-006   1.5111235203600760E-017
   8.2000000004672906E-006   1.5139726834403197E-017
   8.2449999986940546E-006   1.5168252197587117E-017
   8.2899999999418904E-006   1.5196811276230368E-017
   8.3349999981686544E-006   1.5225403961096527E-017
   8.3799999994164886E-006   1.5254030174530107E-017
   8.4250000006643244E-006   1.5282689845031722E-017
   8.4699999988910884E-006   1.5311382893902076E-017
   8.5150000001389225E-006   1.5340109245074109E-017
   8.5599999983656883E-006   1.5368868810819855E-017
   8.6049999996135224E-006   1.5397661573970860E-017
   8.6499999978402864E-006   1.5426487434635321E-017
   8.6949999990881222E-006   1.5455346360621110E-017
   8.7400000003359563E-006   1.5484238272593052E-017
   8.7849999985627221E-006   1.5513163148710267E-017
   8.8299999998105562E-006   1.5542120904193062E-017
   8.8749999980373202E-006   1.5571111515419330E-017
   8.9199999992851560E-006   1.5600134931695909E-017
   8.9650000005329901E-006   1.5629191113506006E-017
   9.0099999987597542E-006   1.5658280022532320E-017
   9.0550000000075900E-006   1.5687401605524463E-017
   9.0999999982343540E-006   1.5716555852574002E-017
   9.1449999994821898E-006   1.5745742730110494E-017
   9.1899999977089539E-006   1.5774962196396399E-017
   9.2349999989567880E-006   1.5804214229043961E-017
   9.2800000002046238E-006   1.5833498813977071E-017
   9.3249999984313878E-006   1.5862815913422004E-017
   9.3699999996792236E-006   1.5892165517337659E-017
   9.4149999979059877E-006   1.5921547600677276E-017
   9.4599999991538218E-006   1.5950962177284154E-017
   9.5050000004016576E-006   1.5980409182026041E-017
   9.5499999986284216E-006   1.6009888657598530E-017
   9.5949999998762557E-006   1.6039400549744455E-017
   9.6399999981030215E-006   1.6068944884527065E-017
   9.6849999993508556E-006   1.6098521648995104E-017
   9.7299999975776196E-006   1.6128130816315740E-017
   9.7749999988254554E-006   1.6157772423742438E-017
   9.8200000000732895E-006   1.6187446450180803E-017
   9.8649999983000553E-006   1.6217152895030973E-017
   9.9099999995478894E-006   1.6246891781702867E-017
   9.9549999977746534E-006   1.6276663099454036E-017
   9.9999999990224892E-006   1.6306466864399899E-017
   9.9999999990224892E-006   1.6306466864399899E-017
   1.0453410591571771E-005   1.6608349600386042E-017
   1.0906821184121050E-005   1.6913559672330476E-017
   1.1360231776670340E-005   1.7222130878010706E-017
   1.1813642369219620E-005   1.7534112480053936E-017
   1.2267052964789970E-005   1.7849567961786534E-017
   1.2720463557339250E-005   1.8168574074934006E-017
   1.3173874149888540E-005   1.8491220161696189E-017
   1.3627284742437819E-005   1.8817607430620472E-017
   1.4080695334987101E-005   1.9147848471055231E-017
   1.4534105927536381E-005   1.9482066683971883E-017
   1.4987516520085670E-005   1.9820395854232151E-017
   1.5440927112634949E-005   2.0162979758387140E-017
   1.5894337705184232E-005   2.0509971736524659E-017
   1.6347748300754580E-005   2.0861534292023252E-017
   1.6801158893303860E-005   2.1217838853045495E-017
   1.7254569485853149E-005   2.1579065398619917E-017
   1.7707980078402429E-005   2.1945402189441556E-017
   1.8161390670951709E-005   2.2317045472455335E-017
   1.8614801263500989E-005   2.2694199233036814E-017
   1.9068211856050279E-005   2.3077075096048696E-017
   1.9521622448599558E-005   2.3465891989876066E-017
   1.9975033044169910E-005   2.3860876067014808E-017
   2.0428443636719190E-005   2.4262260487592006E-017
   2.0881854229268480E-005   2.4670285370023602E-017
   2.1335264821817759E-005   2.5085197571917075E-017
   2.1788675414367039E-005   2.5507250818953585E-017
   2.2242086006916319E-005   2.5936705381246532E-017
   2.2695496599465609E-005   2.6373828218081897E-017
   2.3148907192014889E-005   2.6818892932118676E-017
   2.3602317784564172E-005   2.7272179647542148E-017
   2.4055728380134520E-005   2.7733975165576649E-017
   2.4509138972683800E-005   2.8204572920440624E-017
   2.4962549565233089E-005   2.8684273094748583E-017
   2.5415960157782369E-005   2.9173382619090438E-017
   2.5869370750331649E-005   2.9672215246145327E-017
   2.6322781342880939E-005   3.0181091677183975E-017
   2.6776191935430219E-005   3.0700339722954791E-017
   2.7229602527979498E-005   3.1230294374627985E-017
   2.7683013120528782E-005   3.1771297872537427E-017
   2.8136423716099130E-005   3.2323700026239948E-017
   2.8589834308648420E-005   3.2887858250409791E-017
   2.9043244901197699E-005   3.3464137779225982E-017
   2.9496655493746979E-005   3.4052911829453772E-017
   2.9950066086296259E-005   3.4654561873565066E-017
   3.0403476678845549E-005   3.5269477746830583E-017
   3.0856887271394829E-005   3.5898057952688718E-017
   3.1310297863944112E-005   3.6540709877860666E-017
   3.1763708459514463E-005   3.7197850025768214E-017
   3.2217119052063753E-005   3.7869904220969939E-017
   3.2670529644613029E-005   3.8557307950320467E-017
   3.3123940237162313E-005   3.9260506595240282E-017
   3.3577350829711589E-005   3.9979955653533641E-017
   3.4030761422260872E-005   4.0716121183166269E-017
   3.4484172014810162E-005   4.1469479927133066E-017
   3.4937582607359438E-005   4.2240519680803029E-017
   3.5390993199908722E-005   4.3029739689759579E-017
   3.5844403795479073E-005   4.3837650755430957E-017
   3.6297814388028363E-005   4.4664775821149270E-017
   3.6751224980577639E-005   4.5511650073359008E-017
   3.7204635573126923E-005   4.6378821452252693E-017
   3.7658046165676212E-005   4.7266850865231179E-017
   3.8111456758225482E-005   4.8176312634813370E-017
   3.8564867350774772E-005   4.9107794730660861E-017
   3.9018277943324048E-005   5.0061899273719169E-017
   3.9471688535873331E-005   5.1039242780175710E-017
   3.9925099131443683E-005   5.2040456624635235E-017
   4.0378509723992973E-005   5.3066187232862166E-017
   4.0831920316542249E-005   5.4117096611548780E-017
   4.1285330909091532E-005   5.5193862737760838E-017
   4.1738741501640822E-005   5.6297179661551715E-017
   4.2192152094190099E-005   5.7427758272416360E-017
   4.2645562686739382E-005   5.8586326208608766E-017
   4.3098973279288658E-005   5.9773628591992167E-017
   4.3552383874859023E-005   6.0990428164845145E-017
   4.4005794467408300E-005   6.2237505565218661E-017
   4.4459205059957583E-005   6.3515660062965953E-017
   4.4912615652506859E-005   6.4825709286236847E-017
   4.5366026245056142E-005   6.6168489965163791E-017
   4.5819436837605432E-005   6.7544858007445868E-017
   4.6272847430154709E-005   6.9088920625859885E-017
   4.6726258022703992E-005   7.1285404490115819E-017
   4.7179668615253268E-005   7.3248555643031199E-017
   4.7633079210823633E-005   7.5202797903416992E-017
   4.8086489803372909E-005   7.7169894892460927E-017
   4.8539900395922193E-005   7.9157105811978059E-017
   4.8993310988471469E-005   8.1168157265938764E-017
   4.9446721581020752E-005   8.3205617099762176E-017
   4.9900132173570042E-005   8.5271605873877441E-017
   5.0353542766119318E-005   8.7368049570663792E-017
   5.0806953358668602E-005   8.9496778541133829E-017
   5.1260363951217878E-005   9.1659569374354315E-017
   5.1713774546788243E-005   9.4198194835180985E-017
   5.2167185139337519E-005   9.6499669418945679E-017
   5.2620595731886803E-005   9.8845804221220599E-017
   5.3074006324436092E-005   1.0123809790623433E-016
   5.3527416916985369E-005   1.0367802280925677E-016
   5.3980827509534652E-005   1.0616703055369877E-016
   5.4434238102083928E-005   1.0870655593103541E-016
   5.4887648694633211E-005   1.1129802084100394E-016
   5.5341059290203563E-005   1.1394283667302761E-016
   5.5794469882752853E-005   1.1664240717699801E-016
   5.6247880475302129E-005   1.1939812898248891E-016
   5.6701291067851412E-005   1.2221139328877419E-016
   5.7154701660400702E-005   1.2508358572022532E-016
   5.7608112252949979E-005   1.2801608644400579E-016
   5.8061522845499262E-005   1.3101026916514649E-016
   5.8514933438048538E-005   1.3406750013211348E-016
   5.8968344030597821E-005   1.3718913626231878E-016
   5.9421754626168180E-005   1.4037652302480228E-016
   5.9875165218717463E-005   1.4363099175272932E-016
   6.0328575811266739E-005   1.4695385645880241E-016
   6.0781986403816022E-005   1.5034641064956197E-016
   6.1235396996365312E-005   1.5380992275807032E-016
   6.1688807588914589E-005   1.5734563203844062E-016
   6.2142218181463865E-005   1.6095474336880214E-016
   6.2595628774013155E-005   1.6463842208392886E-016
   6.3049039366562431E-005   1.6839778771907741E-016
   6.3502449962132783E-005   1.7223390787850855E-016
   6.3955860554682073E-005   1.7614779170118778E-016
   6.4409271147231349E-005   1.8014038150476229E-016
   6.4862681739780639E-005   1.8421254599195243E-016
   6.5316092332329915E-005   1.8836507136234074E-016
   6.5769502924879205E-005   1.9259865253375892E-016
   6.6222913517428482E-005   1.9691388399059089E-016
   6.6676324109977758E-005   2.0131124967767201E-016
   6.7129734702527048E-005   2.0579111316194710E-016
   6.7583145298097399E-005   2.1035370651731464E-016
   6.8036555890646676E-005   2.1499911950223094E-016
   6.8489966483195966E-005   2.1972728770993683E-016
   6.8943377075745242E-005   2.2453798140383223E-016
   6.9396787668294532E-005   2.2943079241848988E-016
   6.9850198260843808E-005   2.3440512287956169E-016
   7.0303608853393098E-005   2.3946017140535641E-016
   7.0757019445942375E-005   2.4459492199694695E-016
   7.1210430041512726E-005   2.4980813039749740E-016
   7.1663840634062016E-005   2.5509831160120280E-016
   7.2117251226611292E-005   2.6046372831675701E-016
   7.2570661819160569E-005   2.6590237859639612E-016
   7.3024072411709859E-005   2.7141198508523070E-016
   7.3477483004259135E-005   2.7698998360569534E-016
   7.3930893596808425E-005   2.8263351349657220E-016
   7.4384304189357701E-005   2.8833940929903681E-016
   7.4837714781906991E-005   2.9410419303111487E-016
   7.5291125377477343E-005   2.9992406723753326E-016
   7.5744535970026619E-005   3.0579491171169592E-016
   7.6197946562575909E-005   3.1171227945440607E-016
   7.6651357155125185E-005   3.1767139701384178E-016
   7.7104767747674475E-005   3.2366716528376856E-016
   7.7558178340223752E-005   3.2969416340227201E-016
   7.8011588932773028E-005   3.3574665580749414E-016
   7.8464999525322318E-005   3.4181860123862601E-016
   7.8918410117871594E-005   3.4790366485038890E-016
   7.9371820713441946E-005   3.5399523366970447E-016
   7.9825231305991236E-005   3.6008643525019996E-016
   8.0278641898540512E-005   3.6617015958676588E-016
   8.0732052491089802E-005   3.7223908360383948E-016
   8.1185463083639078E-005   3.7828569929509309E-016
   8.1638873676188368E-005   3.8430234622436900E-016
   8.2092284268737645E-005   3.9028124444483458E-016
   8.2545694861286921E-005   3.9621453293450154E-016
   8.2999105456857286E-005   4.0209430879515317E-016
   8.3452516049406563E-005   4.0791267051831698E-016
   8.3905926641955839E-005   4.1366176091666508E-016
   8.4359337234505129E-005   4.1933381396557104E-016
   8.4812747827054405E-005   4.2492120230578101E-016
   8.5266158419603695E-005   4.3041648383200810E-016
   8.5719569012152971E-005   4.3581245023850300E-016
   8.6172979604702261E-005   4.4110217479963304E-016
   8.6626390197251538E-005   4.4627905845635698E-016
   8.7079800792821889E-005   4.5133687508486400E-016
   8.7533211385371179E-005   4.5626981488533340E-016
   8.7986621977920456E-005   4.6107252383531023E-016
   8.8440032570469732E-005   4.6574014138100389E-016
   8.8893443163019022E-005   4.7026833363742033E-016
   8.9346853755568298E-005   4.7465332279321351E-016
   8.9800264348117588E-005   4.7889191203666898E-016
   9.0253674940666864E-005   4.8298150430284224E-016
   9.0707085533216154E-005   4.8692011902635238E-016
   9.1160496128786506E-005   4.9070640007524175E-016
   9.1613906721335782E-005   4.9433962185993634E-016
   9.2067317313885072E-005   4.9781968602154088E-016
   9.2520727906434349E-005   5.0114711741653950E-016
   9.2974138498983625E-005   5.0432305168252782E-016
   9.3427549091532915E-005   5.0734921959772984E-016
   9.3880959684082191E-005   5.1022792618217738E-016
   9.4334370276631481E-005   5.1296202583416892E-016
   9.4787780872201833E-005   5.1555489452618033E-016
   9.5241191464751109E-005   5.1801039616124628E-016
   9.5694602057300399E-005   5.2033284946574040E-016
   9.6148012649849675E-005   5.2252699025299063E-016
   9.6601423242398965E-005   5.2459793227198376E-016
   9.7054833834948242E-005   5.2655112685465009E-016
   9.7508244427497532E-005   5.2839232127796282E-016
   9.7961655020046808E-005   5.3012751825676398E-016
   9.8415065612596084E-005   5.3176293308258014E-016
   9.8868476208166449E-005   5.3330495293983128E-016
   9.9321886800715726E-005   5.3476009677806578E-016
   9.9775297393265002E-005   5.3613497602914171E-016
   1.0022870798581431E-004   5.3743625709326637E-016
   1.0068211857836360E-004   5.3867062496356579E-016
   1.0068211857836360E-004   5.3867062496356579E-016
   1.0517199683926609E-004   5.4879309301493785E-016
   1.0966187510016860E-004   5.5867485343322361E-016
   1.1415175336107120E-004   5.7199401489573430E-016
   1.1864163162197370E-004   5.9012662983498174E-016
   1.2313150988287619E-004   6.1258027167717601E-016
   1.2762138814377869E-004   6.3758010680946999E-016
   1.3211126640468130E-004   6.6265542957831720E-016
   1.3660114466558379E-004   6.8524206868320349E-016
   1.4109102292648629E-004   7.0326024371089465E-016
   1.4558090118738890E-004   7.1552700215005831E-016
   1.5007077944829140E-004   7.2187036485976495E-016
   1.5456065770919389E-004   7.2294461540965480E-016
   1.5905053597009639E-004   7.1988334872571488E-016
   1.6354041423099900E-004   7.1395885910568622E-016
   1.6803029249492260E-004   7.0635005187127561E-016
   1.7252017075582510E-004   6.9803445056669412E-016
   1.7701004901672759E-004   6.8976902393042821E-016
   1.8149992727763020E-004   6.8211281613666301E-016
   1.8598980553853270E-004   6.7546476504373550E-016
   1.9047968379943520E-004   6.7008396201491662E-016
   1.9496956206033769E-004   6.6610760148701950E-016
   1.9945944032124030E-004   6.6355626573555754E-016
   2.0394931858214280E-004   6.6234177096388183E-016
   2.0843919684304540E-004   6.6228347219094910E-016
   2.1292907510394790E-004   6.6313551573168583E-016
   2.1741895336485040E-004   6.6462154532009043E-016
   2.2190883162575290E-004   6.6646986326709218E-016
   2.2639870988665550E-004   6.6844216849190254E-016
   2.3088858814755800E-004   6.7035176565733828E-016
   2.3537846640846050E-004   6.7207056906766126E-016
   2.3986834466936311E-004   6.7352685970520455E-016
   2.4435822293026558E-004   6.7469698500601255E-016
   2.4884810119116810E-004   6.7559420684951825E-016
   2.5333797945207063E-004   6.7625719515708043E-016
   2.5782785771297321E-004   6.7673972333906527E-016
   2.6231773597387568E-004   6.7710228406069275E-016
   2.6680761423477820E-004   6.7740575535195017E-016
   2.7129749249568073E-004   6.7770690191234180E-016
   2.7578737075658331E-004   6.7805537518319585E-016
   2.8027724901748578E-004   6.7849185983407728E-016
   2.8476712727838841E-004   6.7904707403300434E-016
   2.8925700553929088E-004   6.7974140852102052E-016
   2.9374688380321448E-004   6.8058505736646151E-016
   2.9823676206411701E-004   6.8157854790624156E-016
   3.0272664032501948E-004   6.8271359897061042E-016
   3.0721651858592211E-004   6.8397425227719311E-016
   3.1170639684682458E-004   6.8533821545349793E-016
   3.1619627510772711E-004   6.8677834111271453E-016
   3.2068615336862958E-004   6.8826416423314980E-016
   3.2517603162953221E-004   6.8976341276967059E-016
   3.2966590989043468E-004   6.9124341222472378E-016
   3.3415578815133721E-004   6.9267232284288672E-016
   3.3864566641223968E-004   6.9402016319054828E-016
   3.4313554467314231E-004   6.9525959875114509E-016
   3.4762542293404478E-004   6.9636649089322055E-016
   3.5211530119494741E-004   6.9732022283271818E-016
   3.5660517945584988E-004   6.9810382654157260E-016
   3.6109505771675241E-004   6.9870394248256240E-016
   3.6558493597765488E-004   6.9911064569247898E-016
   3.7007481423855751E-004   6.9931717255026100E-016
   3.7456469249945998E-004   6.9931957600766003E-016
   3.7905457076036251E-004   6.9911633940048176E-016
   3.8354444902126498E-004   6.9870796944517099E-016
   3.8803432728216761E-004   6.9809659070586176E-016
   3.9252420554307008E-004   6.9728556069453656E-016
   3.9701408380397261E-004   6.9627911865795118E-016
   4.0150396206487508E-004   6.9508208395410994E-016
   4.0599384032577771E-004   6.9369961198746206E-016
   4.1048371858668018E-004   6.9213701415295083E-016
   4.1497359684758282E-004   6.9039964133564663E-016
   4.1946347510848529E-004   6.8849282804212036E-016
   4.2395335337240889E-004   6.8642188570999264E-016
   4.2844323163331141E-004   6.8419213235548689E-016
   4.3293310989421388E-004   6.8180894396034594E-016
   4.3742298815511652E-004   6.7927781180528044E-016
   4.4191286641601899E-004   6.7660439243498996E-016
   4.4640274467692151E-004   6.7379454285518799E-016
   4.5089262293782398E-004   6.7085433816471496E-016
   4.5538250119872662E-004   6.6779006952032025E-016
   4.5987237945962909E-004   6.6460823149522756E-016
   4.6436225772053161E-004   6.6131550000687777E-016
   4.6885213598143408E-004   6.5791871004224940E-016
   4.7334201424233672E-004   6.5442483506245787E-016
   4.7783189250323919E-004   6.5084097186137111E-016
   4.8232177076414182E-004   6.4717433048941644E-016
   4.8681164902504429E-004   6.4343222796164444E-016
   4.9130152728594676E-004   6.3962208237038951E-016
   4.9579140554684934E-004   6.3575140480078902E-016
   5.0028128380775181E-004   6.3182778715304483E-016
   5.0477116206865439E-004   6.2785888215033101E-016
   5.0926104032955697E-004   6.2385237355716950E-016
   5.1375091859045944E-004   6.1981593946247109E-016
   5.1824079685136202E-004   6.1575720398096731E-016
   5.2273067511226449E-004   6.1168368161167403E-016
   5.2722055337316707E-004   6.0760271410586379E-016
   5.3171043163406954E-004   6.0352140121227217E-016
   5.3620030989497212E-004   5.9944653244751377E-016
   5.4069018815587459E-004   5.9538455197800984E-016
   5.4518006641677717E-004   5.9134248430803429E-016
   5.4966994467767964E-004   5.8732034410987517E-016
   5.5415982294160324E-004   5.8332983281293558E-016
   5.5864970120250582E-004   5.7937148800981321E-016
   5.6313957946340829E-004   5.7544863495027776E-016
   5.6762945772431087E-004   5.7156349553673122E-016
   5.7211933598521345E-004   5.6771735570452316E-016
   5.7660921424611592E-004   5.6391060955483466E-016
   5.8109909250701850E-004   5.6014286499590852E-016
   5.8558897076792097E-004   5.5641314922551414E-016
   5.9007884902882355E-004   5.5272024475544207E-016
   5.9456872728972602E-004   5.4906317172738442E-016
   5.9905860555062860E-004   5.4544180514458648E-016
   6.0354848381153107E-004   5.4185758244318736E-016
   6.0803836207243365E-004   5.3831420232190193E-016
   6.1252824033333612E-004   5.3481817636768376E-016
   6.1701811859423870E-004   5.3137907763799005E-016
   6.2150799685514117E-004   5.2800936019408837E-016
   6.2599787511604375E-004   5.2472370722897944E-016
   6.3048775337694633E-004   5.2153798008701871E-016
   6.3497763163784880E-004   5.1846794932397460E-016
   6.3946750989875138E-004   5.1552804578284434E-016
   6.4395738815965385E-004   5.1273034891452137E-016
   6.4844726642055643E-004   5.1008395107381125E-016
   6.5293714468145890E-004   5.0759472944371527E-016
   6.5742702294236148E-004   5.0526546772733280E-016
   6.6191690120326395E-004   5.0309621696432097E-016
   6.6640677946416653E-004   5.0108477888322616E-016
   6.7089665772506900E-004   4.9922721174532383E-016
   6.7538653598597158E-004   4.9751829435353998E-016
   6.7987641424989518E-004   4.9595191440075133E-016
   6.8436629251079765E-004   4.9452137225596632E-016
   6.8885617077170023E-004   4.9321960723250617E-016
   6.9334604903260270E-004   4.9203935772301662E-016
   6.9783592729350528E-004   4.9097327243271408E-016
   7.0232580555440786E-004   4.9001398579354568E-016
   7.0681568381531033E-004   4.8915416844648607E-016
   7.1130556207621291E-004   4.8838656133040855E-016
   7.1579544033711538E-004   4.8770399971412902E-016
   7.2028531859801796E-004   4.8709943089316949E-016
   7.2477519685892043E-004   4.8656592771666733E-016
   7.2926507511982301E-004   4.8609669948944947E-016
   7.3375495338072548E-004   4.8568510218689983E-016
   7.3824483164162806E-004   4.8532464645829923E-016
   7.4273470990253053E-004   4.8500900654444445E-016
   7.4722458816343311E-004   4.8473202784005025E-016
   7.5171446642433558E-004   4.8448773561359260E-016
   7.5620434468523815E-004   4.8427034328585891E-016
   7.6069422294614073E-004   4.8407426160938966E-016
   7.6518410120704320E-004   4.8389410876945509E-016
   7.6967397946794578E-004   4.8372472086524033E-016
   7.7416385772884825E-004   4.8356116396537135E-016
   7.7865373598975083E-004   4.8339874584695554E-016
   7.8314361425065330E-004   4.8323302936487548E-016
   7.8763349251155588E-004   4.8305984534989002E-016
   7.9212337077245835E-004   4.8287530611483660E-016
   7.9661324903336093E-004   4.8267581829162463E-016
   8.0110312729426340E-004   4.8245809631453464E-016
   8.0559300555516598E-004   4.8221917450614036E-016
   8.1008288381908958E-004   4.8195641988049240E-016
   8.1457276207999205E-004   4.8166754546631426E-016
   8.1906264034089463E-004   4.8135062528469971E-016
   8.2355251860179721E-004   4.8100411378009462E-016
   8.2804239686269968E-004   4.8062687259306671E-016
   8.3253227512360226E-004   4.8021821269616749E-016
   8.3702215338450473E-004   4.7977796123215513E-016
   8.4151203164540731E-004   4.7930657660132050E-016
   8.4600190990630978E-004   4.7880534943244834E-016
   8.5049178816721236E-004   4.7827677492691435E-016
   8.5498166642811483E-004   4.7772527132652073E-016
   8.5947154468901741E-004   4.7715865069054004E-016
   8.6396142294991988E-004   4.7659126732292409E-016
   8.6845130121082246E-004   4.7605021219743139E-016
   8.7294117947172493E-004   4.7556759192699115E-016
   8.7743105773262751E-004   4.7434716076718974E-016
   8.8192093599353009E-004   4.6856308045304272E-016
   8.8641081425443256E-004   4.7020931592324999E-016
   8.9090069251533514E-004   4.7012484082902956E-016
   8.9539057077623761E-004   4.6955685331992729E-016
   8.9988044903714019E-004   4.6880870939752134E-016
   9.0437032729804266E-004   4.6796758382776673E-016
   9.0886020555894524E-004   4.6706761756802964E-016
   9.1335008381984771E-004   4.6612540002472338E-016
   9.1783996208075029E-004   4.6515042134202200E-016
   9.2232984034165276E-004   4.6414886264022857E-016
   9.2681971860255534E-004   4.6312518469524979E-016
   9.3130959686345781E-004   4.6208286664853222E-016
   9.3579947512738141E-004   4.6102477699940649E-016
   9.4028935338828399E-004   4.5995337014074885E-016
   9.4477923164918646E-004   4.5887079479509708E-016
   9.4926910991008904E-004   4.5777895489424817E-016
   9.5375898817099162E-004   4.5667954498395905E-016
   9.5824886643189409E-004   4.5557407035359949E-016
   9.6273874469279667E-004   4.5446385965236989E-016
   9.6722862295369914E-004   4.5335007286906892E-016
   9.7171850121460172E-004   4.5223370712005676E-016
   9.7620837947550419E-004   4.5111560205440465E-016
   9.8069825773640677E-004   4.4999644587119231E-016
   9.8518813599730924E-004   4.4887678130968018E-016
   9.8967801425821171E-004   4.4775701361501678E-016
   9.9416789251911440E-004   4.4663741919480944E-016
   9.9865777078001687E-004   4.4551815539751917E-016
   9.9865777078001687E-004   4.4551815539751917E-016
   1.0436926103082360E-003   4.3428940571268032E-016
   1.0887274498334351E-003   4.2287761530525783E-016
   1.1337622893616540E-003   4.1143191511718076E-016
   1.1787971288868531E-003   4.0126571442634128E-016
   1.2238319684150720E-003   3.9365413709813832E-016
   1.2688668079432911E-003   3.9031056498028092E-016
   1.3139016474684900E-003   3.9065345602517387E-016
   1.3589364869967091E-003   3.9300384418962585E-016
   1.4039713265219080E-003   3.9737987680285264E-016
   1.4490061660501271E-003   4.0272751671650196E-016
   1.4940410055783470E-003   4.0939799192808730E-016
   1.5390758451035451E-003   4.2159721668187418E-016
   1.5841106846317650E-003   4.4764737952370843E-016
   1.6291455241569631E-003   4.9047975082094455E-016
   1.6741803636851830E-003   4.3987030283059172E-016
   1.7192152032134019E-003   4.2706531595353356E-016
   1.7642500427386000E-003   4.3001195606927981E-016
   1.8092848822668199E-003   4.3452611002273699E-016
   1.8543197217920180E-003   4.4012077114538477E-016
   1.8993545613202379E-003   4.4627471526412877E-016
   1.9443894008454360E-003   4.5105882025513565E-016
   1.9894242403736559E-003   4.5622978509401423E-016
   2.0344590799018748E-003   4.6269460669153648E-016
   2.0794939194270739E-003   4.6922973807104052E-016
   2.1245287589552928E-003   4.7531128794681978E-016
   2.1695635984804919E-003   4.8216120573851256E-016
   2.2145984380087108E-003   4.9098375989127422E-016
   2.2596332775369310E-003   5.0132326600582352E-016
   2.3046681170621288E-003   5.1262983445507011E-016
   2.3497029565903490E-003   5.2376953814260167E-016
   2.3947377961155468E-003   5.3348162176820593E-016
   2.4397726356437661E-003   5.4119287984182155E-016
   2.4848074751719859E-003   5.4873389433293767E-016
   2.5298423146971841E-003   5.5454590199853479E-016
   2.5748771542254030E-003   5.5908302249110929E-016
   2.6199119937506021E-003   5.6255442968857392E-016
   2.6649468332788210E-003   5.6538311177640980E-016
   2.7099816728070412E-003   5.6787379111756298E-016
   2.7550165123322390E-003   5.7030706997655863E-016
   2.8000513518604592E-003   5.7282750994562336E-016
   2.8450861913856570E-003   5.7536011554085134E-016
   2.8901210309138772E-003   5.7761143258855878E-016
   2.9351558704420961E-003   5.7963526641756801E-016
   2.9801907099672952E-003   5.8190990754686518E-016
   3.0252255494955141E-003   5.8456899673949069E-016
   3.0702603890207119E-003   5.8748036731966015E-016
   3.1152952285489321E-003   5.9075628974771108E-016
   3.1603300680771509E-003   5.9489471144036883E-016
   3.2053649076023501E-003   5.9867961939799871E-016
   3.2503997471305690E-003   6.0102009915050659E-016
   3.2954345866557681E-003   6.0385492691658593E-016
   3.3404694261839870E-003   6.0886190570953468E-016
   3.3855042657122071E-003   6.1465223277693596E-016
   3.4305391052374050E-003   6.2023184455579369E-016
   3.4755739447656251E-003   6.2576147918232286E-016
   3.5206087842908230E-003   6.3183186447818499E-016
   3.5656436238190431E-003   6.3796920163090389E-016
   3.6106784633472620E-003   6.4386659987672911E-016
   3.6557133028724599E-003   6.4983714940292542E-016
   3.7007481424006800E-003   6.5583222884369759E-016
   3.7457829819258779E-003   6.6155164113549267E-016
   3.7908178214540980E-003   6.6704674849516751E-016
   3.8358526609792959E-003   6.7208864313963129E-016
   3.8808875005075160E-003   6.7524834556018096E-016
   3.9259223400357349E-003   6.7156877647832968E-016
   3.9709571795609336E-003   6.3923639036337780E-016
   4.0159920190891533E-003   6.2321796809814044E-016
   4.0610268586143512E-003   6.6272851004998133E-016
   4.1060616981425709E-003   6.7868845843481188E-016
   4.1510965376707907E-003   6.8624727607563123E-016
   4.1961313771959876E-003   6.9080339751950437E-016
   4.2411662167242082E-003   6.9418469545492476E-016
   4.2862010562494069E-003   6.9735196118666978E-016
   4.3312358957776258E-003   6.9937696454933076E-016
   4.3762707353058464E-003   7.0092417940169653E-016
   4.4213055748310442E-003   7.0073046033142666E-016
   4.4663404143592631E-003   7.0162348771344802E-016
   4.5113752538844618E-003   7.0129564495603606E-016
   4.5564100934126824E-003   7.0219103966756207E-016
   4.6014449329409013E-003   7.0231502271890382E-016
   4.6464797724660991E-003   7.0275138730938446E-016
   4.6915146119943189E-003   7.0358755722071899E-016
   4.7365494515195176E-003   7.0410306660282197E-016
   4.7815842910477356E-003   7.0364201048039239E-016
   4.8266191305759562E-003   7.0328168953500678E-016
   4.8716539701011549E-003   7.0321163650102357E-016
   4.9166888096293737E-003   6.9961646405217826E-016
   4.9617236491545716E-003   6.9516546586121685E-016
   5.0067584886827922E-003   6.9045758574362774E-016
   5.0517933282110111E-003   6.8290029515574339E-016
   5.0968281677362098E-003   6.7580849872889275E-016
   5.1418630072644286E-003   6.7218111388079541E-016
   5.1868978467896273E-003   6.7220442074316333E-016
   5.2319326863178471E-003   6.7017308576617301E-016
   5.2769675258460668E-003   6.7412781840188561E-016
   5.3220023653712646E-003   6.8037474019754703E-016
   5.3670372048994844E-003   6.8765211862176480E-016
   5.4120720444246831E-003   6.9516000901872886E-016
   5.4571068839529028E-003   7.0185326267307930E-016
   5.5021417234811217E-003   7.0687258757393511E-016
   5.5471765630063204E-003   7.0861825091728843E-016
   5.5922114025345401E-003   7.0875160276543161E-016
   5.6372462420597380E-003   7.0946883652186521E-016
   5.6822810815879577E-003   7.1006435769598643E-016
   5.7273159211131564E-003   7.0820759416831555E-016
   5.7723507606413753E-003   7.0336944172908186E-016
   5.8173856001695950E-003   7.2068761132127035E-016
   5.8624204396947937E-003   7.2536135096230634E-016
   5.9074552792230126E-003   7.2481243281342133E-016
   5.9524901187482113E-003   7.2519146582033654E-016
   5.9975249582764310E-003   7.2688510760888071E-016
   6.0425597978046499E-003   7.2978231502154515E-016
   6.0875946373298486E-003   7.3377296828873759E-016
   6.1326294768580683E-003   7.3826080709692210E-016
   6.1776643163832662E-003   7.4155983257795977E-016
   6.2226991559114859E-003   7.4380243396877394E-016
   6.2677339954397056E-003   7.4530976509683398E-016
   6.3127688349649026E-003   7.4656614692238483E-016
   6.3578036744931232E-003   7.4814261413511251E-016
   6.4028385140183219E-003   7.5044877410085764E-016
   6.4478733535465417E-003   7.5354992506745757E-016
   6.4929081930747614E-003   7.5786484215443876E-016
   6.5379430325999592E-003   7.6317048428257809E-016
   6.5829778721281790E-003   7.6851949233773822E-016
   6.6280127116533768E-003   7.7360986845466614E-016
   6.6730475511815974E-003   7.7902053865384544E-016
   6.7180823907098163E-003   7.8470940140194170E-016
   6.7631172302350141E-003   7.8933103454115221E-016
   6.8081520697632339E-003   7.9059982792828649E-016
   6.8531869092884326E-003   7.8745756840592601E-016
   6.8982217488166506E-003   7.8198560764516068E-016
   6.9432565883448712E-003   7.7653772595394840E-016
   6.9882914278700699E-003   7.7232371786722867E-016
   7.0333262673982887E-003   7.6974951138870662E-016
   7.0783611069234866E-003   7.6833983104626869E-016
   7.1233959464517072E-003   7.6768588920966610E-016
   7.1684307859799269E-003   7.6857878107822788E-016
   7.2134656255051248E-003   7.7132369722927280E-016
   7.2585004650333436E-003   7.7545739711079246E-016
   7.3035353045585432E-003   7.8037835806456120E-016
   7.3485701440867621E-003   7.8568294335478743E-016
   7.3936049836119608E-003   7.9120496727654264E-016
   7.4386398231401814E-003   7.9744207840415916E-016
   7.4836746626683994E-003   8.0530429793745503E-016
   7.5287095021935981E-003   8.1486156001616968E-016
   7.5737443417218178E-003   8.2513579476928580E-016
   7.6187791812470157E-003   8.3466746321335171E-016
   7.6638140207752354E-003   8.4261113395794521E-016
   7.7088488603034551E-003   8.4931131172142776E-016
   7.7538836998286530E-003   8.5576076855280113E-016
   7.7989185393568727E-003   8.6295977296923248E-016
   7.8439533788820705E-003   8.7148476194669774E-016
   7.8889882184102911E-003   8.8112570884743908E-016
   7.9340230579385100E-003   8.9061498322763502E-016
   7.9790578974637087E-003   8.9829529516671952E-016
   8.0240927369919276E-003   9.0363641747353833E-016
   8.0691275765171263E-003   9.0755343083726748E-016
   8.1141624160453452E-003   9.1154704495587381E-016
   8.1591972555735658E-003   9.1985379537673360E-016
   8.2042320950987645E-003   9.2243824713472109E-016
   8.2492669346269833E-003   9.2882352657772214E-016
   8.2943017741521820E-003   9.3452415975671164E-016
   8.3393366136804009E-003   9.3940875309522833E-016
   8.3843714532086215E-003   9.4354360316018082E-016
   8.4294062927338185E-003   9.4708612055401729E-016
   8.4744411322620391E-003   9.5050443094095107E-016
   8.5194759717872378E-003   9.5448723316426660E-016
   8.5645108113154567E-003   9.5957698435149407E-016
   8.6095456508436755E-003   9.6622529769682117E-016
   8.6545804903688742E-003   9.7492563964321186E-016
   8.6996153298970931E-003   9.8558310153684241E-016
   8.7446501694222918E-003   9.9715915342411700E-016
   8.7896850089505124E-003   1.0081865258121691E-015
   8.8347198484787313E-003   1.0177914817240380E-015
   8.8797546880039300E-003   1.0263550305686522E-015
   8.9247895275321489E-003   1.0350353922655030E-015
   8.9698243670573476E-003   1.0447439221267516E-015
   9.0148592065855664E-003   1.0556328760886798E-015
   9.0598940461137870E-003   1.0670903730598480E-015
   9.1049288856389840E-003   1.0781515346429275E-015
   9.1499637251672046E-003   1.0881217192177215E-015
   9.1949985646924033E-003   1.0968604015678975E-015
   9.2400334042206222E-003   1.1045350481131529E-015
   9.2850682437458209E-003   1.1111516151855555E-015
   9.3301030832740398E-003   1.1163144153621729E-015
   9.3751379228022604E-003   1.1193405576698412E-015
   9.4201727623274573E-003   1.1195703196265224E-015
   9.4652076018556779E-003   1.1167257455283290E-015
   9.5102424413808766E-003   1.1111662022566423E-015
   9.5552772809090955E-003   1.1039314673879187E-015
   9.6003121204373144E-003   1.0965581553366897E-015
   9.6453469599625131E-003   1.0909321865252795E-015
   9.6903817994907319E-003   1.0892267541549221E-015
   9.7354166390159307E-003   1.0938506813539351E-015
   9.7804514785441513E-003   1.1072878321818410E-015
   9.8254863180723701E-003   1.1247759539366568E-015
   9.8705211575975688E-003   1.1216449670697282E-015
   9.9155559971257877E-003   1.1147148294196796E-015
   9.9605908366509864E-003   1.1178444194232674E-015
   1.0005625676179210E-002   1.1248770104599647E-015
   1.0005625676179210E-002   1.1248770104599647E-015
   1.0455565900697780E-002   1.2565986591539569E-015
   1.0905506125216350E-002   1.3422238957771255E-015
   1.1355446349734920E-002   1.3596014114912490E-015
   1.1805386574256510E-002   1.4765598415216000E-015
   1.2255326798775079E-002   1.5245225664582195E-015
   1.2705267023293649E-002   1.5269613234072794E-015
   1.3155207247812221E-002   1.5773772995248865E-015
   1.3605147472330791E-002   1.6203853208061692E-015
   1.4055087696849360E-002   1.5673274698769454E-015
   1.4505027921367930E-002   1.6120549011068450E-015
   1.4954968145889520E-002   1.6331058365373154E-015
   1.5404908370408090E-002   1.6408204895920940E-015
   1.5854848594926661E-002   1.6214402347185426E-015
   1.6304788819445231E-002   1.6846575904699711E-015
   1.6754729043963801E-002   1.7640755243755753E-015
   1.7204669268482371E-002   1.8079340099312337E-015
   1.7654609493000940E-002   1.8286390860928018E-015
   1.8104549717522529E-002   1.9364364116126504E-015
   1.8554489942041098E-002   2.0696385483395942E-015
   1.9004430166559672E-002   2.0995420325918958E-015
   1.9454370391078241E-002   2.0780351398501245E-015
   1.9904310615596811E-002   2.0433579566460219E-015
   2.0354250840115381E-002   2.1254952009839521E-015
   2.0804191064633951E-002   2.2283749304797373E-015
   2.1254131289155539E-002   2.2391966467528485E-015
   2.1704071513674109E-002   2.2320571115351039E-015
   2.2154011738192678E-002   2.2316221372408992E-015
   2.2603951962711252E-002   2.2826920339760957E-015
   2.3053892187229821E-002   2.3742603103263809E-015
   2.3503832411748391E-002   2.3488540764829669E-015
   2.3953772636266961E-002   2.3219412807875965E-015
   2.4403712860785531E-002   2.2973968937615842E-015
   2.4853653085307119E-002   2.2812560104366864E-015
   2.5303593309825689E-002   2.3389002736411920E-015
   2.5753533534344269E-002   2.3830820682920657E-015
   2.6203473758862839E-002   2.3871520215767300E-015
   2.6653413983381401E-002   2.3671510742058005E-015
   2.7103354207899971E-002   2.3227835674492506E-015
   2.7553294432418541E-002   2.3213257129372354E-015
   2.8003234656940140E-002   2.3982223091506446E-015
   2.8453174881458709E-002   2.4854620926188458E-015
   2.8903115105977279E-002   2.5574437996431234E-015
   2.9353055330495849E-002   2.5892484459260165E-015
   2.9802995555014419E-002   2.5951608608236658E-015
   3.0252935779532981E-002   2.6433084104166135E-015
   3.0702876004051551E-002   2.7355025086147925E-015
   3.1152816228573150E-002   2.8226125397977904E-015
   3.1602756453091720E-002   2.8796123452692728E-015
   3.2052696677610293E-002   2.8919754549136333E-015
   3.2502636902128859E-002   2.8901218134116366E-015
   3.2952577126647432E-002   2.9945768817111703E-015
   3.3402517351165999E-002   3.0496867530622033E-015
   3.3852457575684558E-002   3.1065354922401183E-015
   3.4302397800206157E-002   3.1445356448500214E-015
   3.4752338024724730E-002   3.1627337661459697E-015
   3.5202278249243303E-002   3.1248072994945307E-015
   3.5652218473761869E-002   3.1617252530923863E-015
   3.6102158698280443E-002   3.2234986861128933E-015
   3.6552098922799009E-002   3.2074270453831110E-015
   3.7002039147317582E-002   3.1509286152042368E-015
   3.7451979371839167E-002   3.1953649224723625E-015
   3.7901919596357740E-002   3.1944853820096385E-015
   3.8351859820876313E-002   3.1856377277022492E-015
   3.8801800045394880E-002   3.2039613750743027E-015
   3.9251740269913453E-002   3.2366486009913959E-015
   3.9701680494432019E-002   3.2673809289410458E-015
   4.0151620718950592E-002   3.2850043332449757E-015
   4.0601560943472177E-002   3.2901003911227312E-015
   4.1051501167990750E-002   3.2997939149040209E-015
   4.1501441392509317E-002   3.2523445877368565E-015
   4.1951381617027890E-002   3.2764818804977866E-015
   4.2401321841546463E-002   3.2906421551321505E-015
   4.2851262066065030E-002   3.3147755871057149E-015
   4.3301202290583603E-002   3.3458033754120302E-015
   4.3751142515105187E-002   3.3781931015631642E-015
   4.4201082739623761E-002   3.4244239277822736E-015
   4.4651022964142327E-002   3.4601033311336307E-015
   4.5100963188660900E-002   3.3904276674010632E-015
   4.5550903413179467E-002   3.4335534770026438E-015
   4.6000843637698047E-002   3.4218175860715067E-015
   4.6450783862216613E-002   3.4249280001438020E-015
   4.6900724086735193E-002   3.4330672006899982E-015
   4.7350664311256778E-002   3.4598978753482352E-015
   4.7800604535775337E-002   3.4515288925571397E-015
   4.8250544760293917E-002   3.4863172458951614E-015
   4.8700484984812477E-002   3.5138192467327855E-015
   4.9150425209331057E-002   3.5376388855941367E-015
   4.9600365433849623E-002   3.5497701856326042E-015
   5.0050305658368197E-002   3.5511651622263976E-015
   5.0500245882889788E-002   3.5395222211065785E-015
   5.0950186107408348E-002   3.5172538253055639E-015
   5.1400126331926928E-002   3.5159748283909101E-015
   5.1850066556445487E-002   3.5365184135752399E-015
   5.2300006780964067E-002   3.5663528094155656E-015
   5.2749947005482627E-002   3.6039622108358154E-015
   5.3199887230001207E-002   3.6305829568640178E-015
   5.3649827454522798E-002   3.6607589197344341E-015
   5.4099767679041372E-002   3.6643246617648304E-015
   5.4549707903559938E-002   3.6311013765232627E-015
   5.4999648128078511E-002   3.6023077346829343E-015
   5.5449588352597078E-002   3.5901764308083128E-015
   5.5899528577115651E-002   3.5895538898567825E-015
   5.6349468801634217E-002   3.6120282610591341E-015
   5.6799409026155809E-002   3.6454517774083787E-015
   5.7249349250674382E-002   3.6652965071080514E-015
   5.7699289475192948E-002   3.6785214217629797E-015
   5.8149229699711522E-002   3.6633957271227114E-015
   5.8599169924230088E-002   3.6296305681706005E-015
   5.9049110148748661E-002   3.6117657049031443E-015
   5.9499050373267227E-002   3.6529494467377427E-015
   5.9948990597788819E-002   3.5450015368912439E-015
   6.0398930822307392E-002   3.5640104624347466E-015
   6.0848871046825959E-002   3.5975728276977332E-015
   6.1298811271344532E-002   3.6325060913354147E-015
   6.1748751495863112E-002   3.6682310597446795E-015
   6.2198691720381671E-002   3.7174529531379245E-015
   6.2648631944900238E-002   3.7548143048970000E-015
   6.3098572169421829E-002   3.7749554844835447E-015
   6.3548512393940410E-002   3.7771121109984770E-015
   6.3998452618458976E-002   3.7773308211329976E-015
   6.4448392842977542E-002   3.7898766173691274E-015
   6.4898333067496108E-002   3.8093365088979561E-015
   6.5348273292014689E-002   3.8292371128982762E-015
   6.5798213516533255E-002   3.8555790365994616E-015
   6.6248153741054847E-002   3.8894354058378945E-015
   6.6698093965573413E-002   3.9242456631553961E-015
   6.7148034190091979E-002   3.9533630799390891E-015
   6.7597974414610559E-002   3.9818852332547105E-015
   6.8047914639129126E-002   4.0471741510347361E-015
   6.8497854863647692E-002   4.0283248354835227E-015
   6.8947795088166258E-002   3.9883428172756467E-015
   6.9397735312684838E-002   3.9812496187128557E-015
   6.9847675537206430E-002   3.9982175067437906E-015
   7.0297615761724996E-002   4.0250315878456488E-015
   7.0747555986243563E-002   4.0642856881558550E-015
   7.1197496210762143E-002   4.0692533633385357E-015
   7.1647436435280709E-002   4.0844245867480528E-015
   7.2097376659799275E-002   4.1020065452112826E-015
   7.2547316884317842E-002   4.1230626145115641E-015
   7.2997257108839433E-002   4.1365707899531653E-015
   7.3447197333358014E-002   4.1312413337000284E-015
   7.3897137557876580E-002   4.1167851294451843E-015
   7.4347077782395146E-002   4.1144314383837027E-015
   7.4797018006913712E-002   4.1227365882563920E-015
   7.5246958231432293E-002   4.1233657940226208E-015
   7.5696898455950859E-002   4.1132098184126175E-015
   7.6146838680472451E-002   4.0993768191562554E-015
   7.6596778904991017E-002   4.0806994734704503E-015
   7.7046719129509583E-002   4.0452979871129774E-015
   7.7496659354028163E-002   3.9855668644866365E-015
   7.7946599578546730E-002   3.9170348062457687E-015
   7.8396539803065296E-002   3.8713035430199179E-015
   7.8846480027583876E-002   3.8734427439377534E-015
   7.9296420252105468E-002   3.8687026541366243E-015
   7.9746360476624034E-002   3.8825643171020553E-015
   8.0196300701142600E-002   3.9374955613724545E-015
   8.0646240925661167E-002   3.9554202792281413E-015
   8.1096181150179747E-002   3.9660901808875944E-015
   8.1546121374698313E-002   3.9534395210710876E-015
   8.1996061599216880E-002   3.9066299529805494E-015
   8.2446001823738471E-002   3.8619043969529316E-015
   8.2895942048257037E-002   3.8309764576375001E-015
   8.3345882272775618E-002   3.8204607533481888E-015
   8.3795822497294184E-002   3.8268376314720998E-015
   8.4245762721812750E-002   3.8505112624629501E-015
   8.4695702946331317E-002   3.8612413628014519E-015
   8.5145643170849897E-002   3.8753229503945175E-015
   8.5595583395371488E-002   3.9140707749178993E-015
   8.6045523619890055E-002   3.9122857472387047E-015
   8.6495463844408621E-002   3.8442780805929920E-015
   8.6945404068927201E-002   3.8409171489919949E-015
   8.7395344293445767E-002   3.8609161338564778E-015
   8.7845284517964334E-002   3.8993771561852047E-015
   8.8295224742482900E-002   4.0226482579531516E-015
   8.8745164967004492E-002   3.9912277736020529E-015
   8.9195105191523072E-002   4.0376828690393899E-015
   8.9645045416041638E-002   4.0870954195274302E-015
   9.0094985640560205E-002   4.1609965845966974E-015
   9.0544925865078771E-002   4.2244599718674460E-015
   9.0994866089597351E-002   4.2130894451324640E-015
   9.1444806314115917E-002   4.2159108067629678E-015
   9.1894746538634484E-002   4.2330616419874190E-015
   9.2344686763156075E-002   4.2676514100377923E-015
   9.2794626987674642E-002   4.2870294161423012E-015
   9.3244567212193222E-002   4.3272531253375225E-015
   9.3694507436711788E-002   4.3554471577943795E-015
   9.4144447661230354E-002   4.3751262477392829E-015
   9.4594387885748935E-002   4.4017802978449159E-015
   9.5044328110267501E-002   4.4297801861808821E-015
   9.5494268334789092E-002   4.4551049270309982E-015
   9.5944208559307659E-002   4.4693107052698203E-015
   9.6394148783826225E-002   4.4763060444591146E-015
   9.6844089008344805E-002   4.4697011578027571E-015
   9.7294029232863372E-002   4.4823859119012477E-015
   9.7743969457381938E-002   4.4879939461179791E-015
   9.8193909681900504E-002   4.4871176594395757E-015
   9.8643849906422096E-002   4.4725419498398348E-015
   9.9093790130940676E-002   4.4525497296642428E-015
   9.9543730355459242E-002   4.4278834683132614E-015
   9.9993670579977809E-002   4.4054591381263668E-015
   9.9993670579977809E-002   4.4054591381263668E-015
  0.10449375310975299        4.1059067129339878E-015
  0.10899383563952900        4.0813029084705034E-015
  0.11349391816930200        4.1807904987413525E-015
  0.11799400069907701        4.4253456867437613E-015
  0.12249408322885300        4.5415014543705394E-015
  0.12699416575862901        4.4976279567405506E-015
  0.13149424828840400        4.3580865476052270E-015
  0.13599433081817699        4.3928721868333651E-015
  0.14049441334795201        4.3641124668731693E-015
  0.14499449587772800        4.4390314125836500E-015
  0.14949457840750399        4.4888546070521218E-015
  0.15399466093727901        4.5335250556015485E-015
  0.15849474346705200        4.5300747283895560E-015
  0.16299482599682799        4.4393900117691828E-015
  0.16749490852660301        4.5163158086091096E-015
  0.17199499105637900        4.6167132389036697E-015
  0.17649507358615399        4.5982988695872435E-015
  0.18099515611592701        4.6650011285905553E-015
  0.18549523864570300        4.6640644471618081E-015
  0.18999532117547799        4.6356478908422517E-015
  0.19449540370525401        4.5512774178169487E-015
  0.19899548623502700        4.5157892437513784E-015
  0.20349556876480199        4.4642056276108267E-015
  0.20799565129457800        4.5197834741544606E-015
  0.21249573382435299        4.6679009934913112E-015
  0.21699581635412901        4.7770248376311726E-015
  0.22149589888390200        4.8155279716322668E-015
  0.22599598141367699        4.8069709747671810E-015
  0.23049606394345301        4.6599592185747076E-015
  0.23499614647322900        4.6180506965672434E-015
  0.23949622900300399        4.5830131778819019E-015
  0.24399631153277701        4.5153653888082164E-015
  0.24849639406255200        4.6074179919450263E-015
  0.25299647659232799        4.6273700335830434E-015
  0.25749655912210401        4.6974187590062955E-015
  0.26199664165187903        4.7955119065470211E-015
  0.26649672418165199        4.7347949749689753E-015
  0.27099680671142801        4.7044053886539117E-015
  0.27549688924120302        4.6703081249654285E-015
  0.27999697177097899        4.7102085545827178E-015
  0.28449705430075400        4.7089586068877230E-015
  0.28899713683052702        4.6553881758204300E-015
  0.29349721936030299        4.6317723700705205E-015
  0.29799730189007800        4.7404225194099417E-015
  0.30249738441985402        4.8508106795108900E-015
  0.30699746694962998        4.7973155067487394E-015
  0.31149754947940200        4.7791972756181338E-015
  0.31599763200917802        4.7517344744289093E-015
  0.32049771453895298        4.7066618785433355E-015
  0.32499779706872900        4.6537415943548903E-015
  0.32949787959850502        4.6744917792408559E-015
  0.33399796212827698        4.7494382707974394E-015
  0.33849804465805300        4.7613941767034914E-015
  0.34299812718782902        4.7647195159821933E-015
  0.34749820971760398        4.7684945699786482E-015
  0.35199829224738000        4.9184732259012095E-015
  0.35649837477715202        5.0267420096577698E-015
  0.36099845730692798        4.9326992406529339E-015
  0.36549853983670400        4.8250816750769435E-015
  0.36999862236647901        4.6611732142681108E-015
  0.37449870489625198        4.6778693463015887E-015
  0.37899878742602799        4.6757843609408267E-015
  0.38349886995580301        4.6882699379212970E-015
  0.38799895248557897        4.6888253465525526E-015
  0.39249903501535399        4.6496228065851910E-015
  0.39699911754512701        4.7386341719204206E-015
  0.40149920007490297        4.8569524731174431E-015
  0.40599928260467799        4.9435116841233565E-015
  0.41049936513445401        4.9366235666272152E-015
  0.41499944766423003        4.9157553602884218E-015
  0.41949953019400199        4.8240733151445411E-015
  0.42399961272377801        4.8031866516897650E-015
  0.42849969525355303        4.8916823201330369E-015
  0.43299977778332899        4.8941274012299101E-015
  0.43749986031310500        4.8501666353152662E-015
  0.44199994284287702        4.7587030331450362E-015
  0.44650002537265299        4.7854547929678963E-015
  0.45100010790242900        4.8260389926179201E-015
  0.45550019043220402        4.9065497493551710E-015
  0.46000027296197998        4.8970202233508863E-015
  0.46450035549175200        4.8199427657364564E-015
  0.46900043802152802        4.7182164284766246E-015
  0.47350052055130398        4.7911484899190905E-015
  0.47800060308107900        4.8218137097366304E-015
  0.48250068561085502        4.8698021361016924E-015
  0.48700076814062798        4.8183940767214561E-015
  0.49150085067040300        4.7580995613134351E-015
  0.49600093320017902        4.7026331349086671E-015
  0.50050101572995398        4.7809455161171901E-015
  0.50500109825973005        4.8651263189621944E-015
  0.50950118078950302        4.9089636102947328E-015
  0.51400126331927798        4.9619596351915480E-015
  0.51850134584905405        4.8931423189831907E-015
  0.52300142837883001        4.8451350485003373E-015
  0.52750151090860498        4.8551980608963787E-015
  0.53200159343837805        4.8934926247754295E-015
  0.53650167596815301        4.9680639860660364E-015
  0.54100175849792898        4.9557306564140612E-015
  0.54550184102770505        4.9408063830021164E-015
  0.55000192355747701        4.8337950279420716E-015
  0.55450200608725297        4.7874306777444917E-015
  0.55900208861702905        4.8104760812017554E-015
  0.56350217114680401        4.8376299390899122E-015
  0.56800225367657997        4.8695128123940824E-015
  0.57250233620635205        4.9081744536397082E-015
  0.57700241873612801        4.9017255521005513E-015
  0.58150250126590397        4.8458640602795836E-015
  0.58600258379567904        4.8959143142341213E-015
  0.59050266632545501        4.9322167021750324E-015
  0.59500274885522797        4.9815477067494350E-015
  0.59950283138500304        4.9730411778419107E-015
  0.60400291391477900        4.9599853466847249E-015
  0.60850299644455497        4.9039042595410209E-015
  0.61300307897433004        4.8627434866814949E-015
  0.61750316150410300        4.8604178056290793E-015
  0.62200324403387797        4.8633384522069269E-015
  0.62650332656365404        4.8635596568678930E-015
  0.63100340909343000        4.8293537790690025E-015
  0.63550349162320496        4.8144247893773392E-015
  0.64000357415297804        4.8364853209674589E-015
  0.64450365668275300        4.9009292987139026E-015
  0.64900373921252896        4.9478859430841069E-015
  0.65350382174230504        5.0016700349723416E-015
  0.65800390427208000        5.0046167251432945E-015
  0.66250398680185296        5.0065719495106925E-015
  0.66700406933162903        4.9942037746020898E-015
  0.67150415186140400        4.9190415710139908E-015
  0.67600423439117996        4.9420529818462329E-015
  0.68050431692095503        4.9567234595041291E-015
  0.68500439945072800        4.9188139555979700E-015
  0.68950448198050396        4.8830039027027660E-015
  0.69400456451027903        4.8497177478117250E-015
  0.69850464704005499        4.8170822043763086E-015
  0.70300472956983096        4.8459643001007931E-015
  0.70750481209960303        4.9200369183084392E-015
  0.71200489462937899        4.9365050085270298E-015
  0.71650497715915495        4.9369376589697474E-015
  0.72100505968893003        4.9325435313991352E-015
  0.72550514221870599        4.9096279646657703E-015
  0.73000522474847795        4.9260361169858514E-015
  0.73450530727825403        4.9533872687012284E-015
  0.73900538980802999        4.9600599530635583E-015
  0.74350547233780495        4.8839000187595197E-015
  0.74800555486757803        4.8426040403884015E-015
  0.75250563739735299        4.7954222060262297E-015
  0.75700571992712895        4.7944025438738548E-015
  0.76150580245690502        4.8212656656369314E-015
  0.76600588498667999        4.8301277080072812E-015
  0.77050596751645295        4.8276818737056197E-015
  0.77500605004622902        4.8228953144949937E-015
  0.77950613257600398        4.8505803673198663E-015
  0.78400621510577995        4.8820298743085021E-015
  0.78850629763555502        4.8954964854506776E-015
  0.79300638016532798        4.9245792066776218E-015
  0.79750646269510395        4.9150340253205148E-015
  0.80200654522487902        4.9250680647383093E-015
  0.80650662775465498        4.8990584025209145E-015
  0.81100671028443105        4.8990317157699022E-015
  0.81550679281420302        4.8921627132160831E-015
  0.82000687534397898        4.9109940049677938E-015
  0.82450695787375405        4.9037830957949332E-015
  0.82900704040353002        4.9034013440735157E-015
  0.83350712293330598        4.9154197302312701E-015
  0.83800720546307805        4.9640690323465279E-015
  0.84250728799285401        4.9823007188883755E-015
  0.84700737052262998        5.0054235838085693E-015
  0.85150745305240505        5.0337583437506213E-015
  0.85600753558218101        5.0380908517015908E-015
  0.86050761811195298        5.0382733446206501E-015
  0.86500770064172905        5.0422048243456317E-015
  0.86950778317150501        5.0558907488793600E-015
  0.87400786570127997        5.0502695443527862E-015
  0.87850794823105605        5.0394909941509853E-015
  0.88300803076082901        5.0333048233401127E-015
  0.88750811329060397        5.0188021092175745E-015
  0.89200819582038005        4.9859337987621410E-015
  0.89650827835015501        4.9611866243878647E-015
  0.90100836087992797        4.9573848982077704E-015
  0.90550844340970404        4.9487872292842075E-015
  0.91000852593947901        4.9502268347002255E-015
  0.91450860846925497        4.9403611205156140E-015
  0.91900869099903104        4.9375874151505583E-015
  0.92350877352880301        4.9254127987137970E-015
  0.92800885605857897        4.9002381904061715E-015
  0.93250893858835404        4.8808474175131839E-015
  0.93700902111813000        4.8640447464450583E-015
  0.94150910364790596        4.8556674812989604E-015
  0.94600918617767804        4.8494331898305675E-015
  0.95050926870745400        4.8319538525395610E-015
  0.95500935123722996        4.8376705925413717E-015
  0.95950943376700504        4.8285957250363456E-015
  0.96400951629678100        4.8232527631201728E-015
  0.96850959882655396        4.8392733715840860E-015
  0.97300968135632904        4.8468044065311559E-015
  0.97750976388610500        4.8607599900153478E-015
  0.98200984641587996        4.8548265095788389E-015
  0.98650992894565603        4.8458479854137441E-015
  0.99101001147542900        4.8552619772461011E-015
  0.99551009400520396        4.8732633787444932E-015
   1.0000101765349800        4.8814596337473807E-015
   1.0000101765349800        4.8814596337473807E-015
   1.0450100494343100        4.9734232145601529E-015
   1.0900099223336399        4.9286591589325932E-015
   1.1350097952329701        4.8281953553520196E-015
   1.1800096681323000        4.8356929668267894E-015
   1.2250095410316300        4.9023445520129386E-015
   1.2700094139309701        4.9437964467597927E-015
   1.3150092868303001        4.9406711434232923E-015
   1.3600091597296300        4.9112161587706668E-015
   1.4050090326289599        4.9055941624435497E-015
   1.4500089055282901        4.8878854944126117E-015
   1.4950087784276200        4.8691012854931981E-015
   1.5400086513269500        4.8292527900700513E-015
   1.5850085242262799        4.8096655799297274E-015
   1.6300083971256101        4.8253258815686276E-015
   1.6750082700249400        4.8552512977790512E-015
   1.7200081429242799        4.8723361183355679E-015
   1.7650080158236101        4.8651156605514197E-015
   1.8100078887229401        4.8308620687357425E-015
   1.8550077616222700        4.7719692505948171E-015
   1.9000076345215999        4.6956694838419081E-015
   1.9450075074209301        4.6158751892516515E-015
   1.9900073803202600        4.6349335648497748E-015
   2.0350072532195900        4.6701405527573139E-015
   2.0800071261189199        4.7373225559415802E-015
   2.1250069990182499        4.7711901008091718E-015
   2.1700068719175900        4.7888552379188401E-015
   2.2150067448169199        4.7900108061443585E-015
   2.2600066177162499        4.7663115675791843E-015
   2.3050064906155798        4.7484158285669292E-015
   2.3500063635149102        4.7295491222822660E-015
   2.3950062364142402        4.7497894327822244E-015
   2.4400061093135701        4.7269470072521827E-015
   2.4850059822129000        4.7151562398434827E-015
   2.5300058551122300        4.6983933242917729E-015
   2.5750057280115599        4.6708830767471077E-015
   2.6200056009109001        4.6331390710855574E-015
   2.6650054738102300        4.5793502024989344E-015
   2.7100053467095599        4.5260349097688391E-015
   2.7550052196088899        4.4858478757874722E-015
   2.8000050925082198        4.4687464276821252E-015
   2.8450049654075502        4.4614164192223146E-015
   2.8900048383068802        4.4717653959772824E-015
   2.9350047112062101        4.5067853215029481E-015
   2.9800045841055400        4.5529357673599675E-015
   3.0250044570048700        4.6160522598176620E-015
   3.0700043299042101        4.6683890073998934E-015
   3.1150042028035401        4.7189214590307750E-015
   3.1600040757028700        4.7473667840785965E-015
   3.2050039486021999        4.7625056237971632E-015
   3.2500038215015299        4.7632579283796296E-015
   3.2950036944008598        4.7527095531728498E-015
   3.3400035673001902        4.7456784213402571E-015
   3.3850034401995202        4.7288297140993346E-015
   3.4300033130988501        4.7108964272272872E-015
   3.4750031859981800        4.6961494132863098E-015
   3.5200030588975202        4.6829141346904780E-015
   3.5650029317968501        4.6698655423548803E-015
   3.6100028046961801        4.6501338440442475E-015
   3.6550026775955100        4.6359345570688740E-015
   3.7000025504948399        4.6164395766437335E-015
   3.7450024233941699        4.5932896731676104E-015
   3.7900022962934998        4.5792675116951016E-015
   3.8350021691928302        4.5479294717914138E-015
   3.8800020420921602        4.5278047810182221E-015
   3.9250019149914901        4.5092661388580062E-015
   3.9700017878908298        4.4839197712739367E-015
   4.0150016607901602        4.4648055628879489E-015
   4.0600015336894897        4.4503557676082613E-015
   4.1050014065888201        4.4380932921973931E-015
   4.1500012794881496        4.4245141907369639E-015
   4.1950011523874799        4.4219377765482222E-015
   4.2400010252868103        4.4191231181144877E-015
   4.2850008981861398        4.4190858347848222E-015
   4.3300007710854702        4.4247418845727504E-015
   4.3750006439848104        4.4263750025664525E-015
   4.4200005168841399        4.4404628938020712E-015
   4.4650003897834702        4.4430437475033308E-015
   4.5100002626827997        4.4561194212791336E-015
   4.5550001355821301        4.4619873402832400E-015
   4.6000000084814596        4.4710646548084966E-015
   4.6449998813807900        4.4833950948677439E-015
   4.6899997542801204        4.4803090250311993E-015
   4.7349996271794499        4.4913005273965359E-015
   4.7799995000787803        4.4934570569876021E-015
   4.8249993729781204        4.4933010737380123E-015
   4.8699992458774499        4.5043214810743729E-015
   4.9149991187767803        4.4973407930122856E-015
   4.9599989916761098        4.4988836735638767E-015
   5.0049988645754402        4.5045376306181649E-015
   5.0499987374747697        4.4982455756548327E-015
   5.0949986103741001        4.5068626888297733E-015
   5.1399984832734296        4.5156588439249537E-015
   5.1849983561727599        4.5118946096941334E-015
   5.2299982290720903        4.5095079551913214E-015
   5.2749981019714296        4.5224048682639572E-015
   5.3199979748707600        4.5210723603339464E-015
   5.3649978477700904        4.5267878615013300E-015
   5.4099977206694199        4.5346837937975155E-015
   5.4549975935687502        4.5410803843360781E-015
   5.4999974664680797        4.5308705917587213E-015
   5.5449973393674101        4.5356591882350154E-015
   5.5899972122667396        4.5338697354451721E-015
   5.6349970851660700        4.5333379345154816E-015
   5.6799969580654004        4.5280800807552136E-015
   5.7249968309647397        4.5317280202170609E-015
   5.7699967038640700        4.5187235525116751E-015
   5.8149965767634004        4.5068522454735538E-015
   5.8599964496627299        4.4910504374763466E-015
   5.9049963225620603        4.4832628942332726E-015
   5.9499961954613898        4.4661334371971891E-015
   5.9949960683607202        4.4494712054230833E-015
   6.0399959412600497        4.4352131709733115E-015
   6.0849958141593801        4.4220032671978429E-015
   6.1299956870587096        4.4066697093560287E-015
   6.1749955599580399        4.3845363066478302E-015
   6.2199954328573801        4.3648833965445662E-015
   6.2649953057567096        4.3469480382317412E-015
   6.3099951786560400        4.3384992880656499E-015
   6.3549950515553704        4.3243947014464262E-015
   6.3999949244546999        4.3123082438382788E-015
   6.4449947973540302        4.2996644638758473E-015
   6.4899946702533597        4.2929241362817140E-015
   6.5349945431526901        4.2921281617291880E-015
   6.5799944160520196        4.2831407786714773E-015
   6.6249942889513500        4.2758953341922979E-015
   6.6699941618506902        4.2700396187089324E-015
   6.7149940347500197        4.2729642374002647E-015
   6.7599939076493500        4.2812960583413532E-015
   6.8049937805486804        4.2842328540585979E-015
   6.8499936534480099        4.2861766703250379E-015
   6.8949935263473403        4.2862581828170640E-015
   6.9399933992466698        4.2958211445740169E-015
   6.9849932721460002        4.3081625769358005E-015
   7.0299931450453297        4.3126194759755499E-015
   7.0749930179446601        4.3159300065410752E-015
   7.1199928908440002        4.3180041917213327E-015
   7.1649927637433297        4.3253987268966534E-015
   7.2099926366426601        4.3387476753896422E-015
   7.2549925095419896        4.3468046776407958E-015
   7.2999923824413200        4.3508333157311139E-015
   7.3449922553406504        4.3491253706668570E-015
   7.3899921282399799        4.3457122960772966E-015
   7.4349920011393102        4.3501090793094700E-015
   7.4799918740386397        4.3518924567111097E-015
   7.5249917469379701        4.3530931986324372E-015
   7.5699916198373103        4.3517506711892516E-015
   7.6149914927366398        4.3443050917173422E-015
   7.6599913656359702        4.3378762657157714E-015
   7.7049912385352997        4.3352324662083168E-015
   7.7499911114346300        4.3330615734476471E-015
   7.7949909843339604        4.3314370249355459E-015
   7.8399908572332899        4.3244308017886212E-015
   7.8849907301326203        4.3104789583922549E-015
   7.9299906030319498        4.2966399652582860E-015
   7.9749904759312802        4.2838522175421390E-015
   8.0199903488306106        4.2746086072799355E-015
   8.0649902217299392        4.2714165004411706E-015
   8.1099900946292802        4.2675504660326320E-015
   8.1549899675286106        4.2571713860715873E-015
   8.1999898404279392        4.2477517307337954E-015
   8.2449897133272696        4.2361101961142866E-015
   8.2899895862266000        4.2245799285698517E-015
   8.3349894591259304        4.2189793546028700E-015
   8.3799893320252608        4.2154040691583973E-015
   8.4249892049245894        4.2109115832870731E-015
   8.4699890778239304        4.2069709100616152E-015
   8.5149889507232608        4.1989854486135455E-015
   8.5599888236225894        4.1872814356471494E-015
   8.6049886965219198        4.1795507230754947E-015
   8.6499885694212502        4.1766556241213434E-015
   8.6949884423205805        4.1777991448673328E-015
   8.7399883152199092        4.1842907300835245E-015
   8.7849881881192395        4.1910163013328301E-015
   8.8299880610185699        4.1930720557747534E-015
   8.8749879339179003        4.1925120061274988E-015
   8.9199878068172307        4.1916502928060549E-015
   8.9649876797165593        4.1904034145850700E-015
   9.0099875526159003        4.1914672912656910E-015
   9.0549874255152307        4.1974852551823661E-015
   9.0999872984145593        4.2045633078328453E-015
   9.1449871713138897        4.2099877062328729E-015
   9.1899870442132201        4.2159282377272249E-015
   9.2349869171125505        4.2204576040347139E-015
   9.2799867900118809        4.2225451766915324E-015
   9.3249866629112095        4.2246236354793258E-015
   9.3699865358105399        4.2308901926772807E-015
   9.4149864087098791        4.2385211223448952E-015
   9.4599862816092095        4.2472227098762505E-015
   9.5049861545085399        4.2590014245253342E-015
   9.5499860274078703        4.2698695748835769E-015
   9.5949859003072007        4.2761227373817683E-015
   9.6399857732065293        4.2796290765520577E-015
   9.6849856461058597        4.2822508796692120E-015
   9.7299855190051900        4.2822687317564520E-015
   9.7749853919045204        4.2802675136091058E-015
   9.8199852648038508        4.2815914274804642E-015
   9.8649851377031794        4.2851294742210349E-015
   9.9099850106025205        4.2880976093919453E-015
   9.9549848835018508        4.2908965365477248E-015
   9.9999847564011795        4.2953736359364540E-015
   9.9999847564011795        4.2953736359364540E-015
   10.449984533032699        4.2811363969571685E-015
   10.899984309664299        4.2155995255922572E-015
   11.349984086295899        4.1432463109399612E-015
   11.799983862927499        4.0865734968214631E-015
   12.249983639559000        4.0673890592200218E-015
   12.699983416190600        4.0490443042714144E-015
   13.149983192822200        4.0323571576967112E-015
   13.599982969453700        4.0275899487499849E-015
   14.049982746085300        4.0056488817864143E-015
   14.499982522716900        3.9975597639968784E-015
   14.949982299348500        3.9812260629387697E-015
   15.399982075980001        3.9640272871670494E-015
   15.849981852611601        3.9611559969879395E-015
   16.299981629243199        3.9657178218914278E-015
   16.749981405874699        3.9586675681585538E-015
   17.199981182506299        3.9702446294299269E-015
   17.649980959137899        3.9600130987054000E-015
   18.099980735769499        3.9590148314449316E-015
   18.549980512401000        3.9463840999328878E-015
   18.999980289032600        3.9219995522246733E-015
   19.449980065664199        3.9121726621661554E-015
   19.899979842295700        3.8844217103732107E-015
   20.349979618927300        3.8403973325909982E-015
   20.799979395558900        3.8160506848120082E-015
   21.249979172190500        3.7906564134703701E-015
   21.699978948822000        3.7621263753924024E-015
   22.149978725453600        3.7450406715685589E-015
   22.599978502085200        3.7314941130312575E-015
   23.049978278716701        3.7126754170743297E-015
   23.499978055348301        3.7074258876578668E-015
   23.949977831979901        3.7102103524500418E-015
   24.399977608611401        3.7147723141993462E-015
   24.849977385243001        3.7136014943129920E-015
   25.299977161874601        3.7082474850765336E-015
   25.749976938506201        3.7120044738700107E-015
   26.199976715137701        3.7180969233990320E-015
   26.649976491769301        3.7274056596415483E-015
   27.099976268400901        3.7290847596425271E-015
   27.549976045032398        3.7251848845314247E-015
   27.999975821663998        3.7130314983547289E-015
   28.449975598295602        3.6918823745728601E-015
   28.899975374927202        3.6737681656410529E-015
   29.349975151558699        3.6562839248380465E-015
   29.799974928190299        3.6365312118565263E-015
   30.249974704821899        3.6224665293380003E-015
   30.699974481453399        3.6112034544895614E-015
   31.149974258084999        3.5922716895048667E-015
   31.599974034716599        3.5734570973572324E-015
   32.049973811348202        3.5502391021759293E-015
   32.499973587979703        3.5167410139937092E-015
   32.949973364611303        3.4896633729952680E-015
   33.399973141242903        3.4659171279616902E-015
   33.849972917874403        3.4399831150383337E-015
   34.299972694506003        3.4239477615945103E-015
   34.749972471137603        3.4064752160447746E-015
   35.199972247769097        3.3919085611069129E-015
   35.649972024400697        3.3797689323839537E-015
   36.099971801032297        3.3688958654666309E-015
   36.549971577663896        3.3639046298457549E-015
   36.999971354295397        3.3548595788173337E-015
   37.449971130926997        3.3530910049547399E-015
   37.899970907558597        3.3520788395787621E-015
   38.349970684190097        3.3565987914646611E-015
   38.799970460821697        3.3529670153055344E-015
   39.249970237453297        3.3533869240941124E-015
   39.699970014084897        3.3493583780650677E-015
   40.149969790716398        3.3477586887579437E-015
   40.599969567347998        3.3400976579075382E-015
   41.049969343979598        3.3388895380651816E-015
   41.499969120611098        3.3366794960665176E-015
   41.949968897242698        3.3375582787979610E-015
   42.399968673874298        3.3346138223992460E-015
   42.849968450505898        3.3299298383585415E-015
   43.299968227137398        3.3266619073240051E-015
   43.749968003768998        3.3220432559135601E-015
   44.199967780400598        3.3222511927969794E-015
   44.649967557032099        3.3180673099088238E-015
   45.099967333663699        3.3178219198732829E-015
   45.549967110295299        3.3194492139030764E-015
   45.999966886926899        3.3225419309013101E-015
   46.449966663558399        3.3284574537431775E-015
   46.899966440189999        3.3281417114865801E-015
   47.349966216821599        3.3299384740720729E-015
   47.799965993453100        3.3326124184658642E-015
   48.249965770084700        3.3335944047303159E-015
   48.699965546716300        3.3364123276095721E-015
   49.149965323347800        3.3330091348151536E-015
   49.599965099979400        3.3273667868740054E-015
   50.049964876611000        3.3240966978889659E-015
   50.499964653242600        3.3176207391065929E-015
   50.949964429874100        3.3121646793448160E-015
   51.399964206505700        3.3071419378396137E-015
   51.849963983137300        3.2973822413158243E-015
   52.299963759768900        3.2892573460141136E-015
   52.749963536400401        3.2832410456887914E-015
   53.199963313032001        3.2747966339591111E-015
   53.649963089663601        3.2684257857414315E-015
   54.099962866295101        3.2629751874992554E-015
   54.549962642926701        3.2527812525586543E-015
   54.999962419558301        3.2424802946806535E-015
   55.449962196189801        3.2346851384080990E-015
   55.899961972821401        3.2252682671901457E-015
   56.349961749453001        3.2169867242856037E-015
   56.799961526084601        3.2125590836535932E-015
   57.249961302716102        3.2064139464996783E-015
   57.699961079347702        3.1976467153499624E-015
   58.149960855979302        3.1915558753959231E-015
   58.599960632610802        3.1870728520395981E-015
   59.049960409242402        3.1810577434054057E-015
   59.499960185874002        3.1766330711136357E-015
   59.949959962505602        3.1747182281262869E-015
   60.399959739137103        3.1702029020384540E-015
   60.849959515768703        3.1624008355535714E-015
   61.299959292400303        3.1558943274306143E-015
   61.749959069031803        3.1507138152889783E-015
   62.199958845663403        3.1435946347160166E-015
   62.649958622295003        3.1360390664710542E-015
   63.099958398926503        3.1311049452430700E-015
   63.549958175558103        3.1264724413184888E-015
   63.999957952189703        3.1188207425155531E-015
   64.449957728821303        3.1102062882542713E-015
   64.899957505452804        3.1037863441205906E-015
   65.349957282084404        3.0980590753844741E-015
   65.799957058716004        3.0907104365418006E-015
   66.249956835347504        3.0838378060110645E-015
   66.699956611979104        3.0802455501197541E-015
   67.149956388610704        3.0781632533451281E-015
   67.599956165242304        3.0741714500165907E-015
   68.049955941873804        3.0686949763174187E-015
   68.499955718505404        3.0643725806407815E-015
   68.949955495137004        3.0609225061161972E-015
   69.399955271768505        3.0557176946817636E-015
   69.849955048400105        3.0486620378656317E-015
   70.299954825031705        3.0426428875198418E-015
   70.749954601663305        3.0388224749564950E-015
   71.199954378294805        3.0345853016109194E-015
   71.649954154926405        3.0273747166203933E-015
   72.099953931557906        3.0181756020051504E-015
   72.549953708189506        3.0094833423182121E-015
   72.999953484821106        3.0014829623075734E-015
   73.449953261452706        2.9923795487334034E-015
   73.899953038084206        2.9820168707973436E-015
   74.349952814715806        2.9728774377825471E-015
   74.799952591347406        2.9669736188952353E-015
   75.249952367978906        2.9632158524490136E-015
   75.699952144610506        2.9589283998908363E-015
   76.149951921242106        2.9532306647303673E-015
   76.599951697873706        2.9477781858430969E-015
   77.049951474505207        2.9441711147953277E-015
   77.499951251136807        2.9418443182816658E-015
   77.949951027768407        2.9390698098888880E-015
   78.399950804399893        2.9354892606407488E-015
   78.849950581031493        2.9327601178554942E-015
   79.299950357663107        2.9324637081655620E-015
   79.749950134294707        2.9340727509020248E-015
   80.199949910926193        2.9354115352520137E-015
   80.649949687557793        2.9349804574422157E-015
   81.099949464189393        2.9333622089576379E-015
   81.549949240820993        2.9321959192113073E-015
   81.999949017452494        2.9321191297791988E-015
   82.449948794084094        2.9320962602540632E-015
   82.899948570715694        2.9307574129661829E-015
   83.349948347347194        2.9280979561626366E-015
   83.799948123978794        2.9256052345035015E-015
   84.249947900610394        2.9247277695368713E-015
   84.699947677241894        2.9254083558918600E-015
   85.149947453873494        2.9261478899711427E-015
   85.599947230505094        2.9255006854646333E-015
   86.049947007136694        2.9233755329380243E-015
   86.499946783768195        2.9208911833615897E-015
   86.949946560399795        2.9190890311276436E-015
   87.399946337031395        2.9178414597629755E-015
   87.849946113662895        2.9160389744887145E-015
   88.299945890294495        2.9127737839795334E-015
   88.749945666926095        2.9083185778032426E-015
   89.199945443557695        2.9039999122859460E-015
   89.649945220189196        2.9011034052248040E-015
   90.099944996820795        2.8998121746819625E-015
   90.549944773452395        2.8991324111578350E-015
   90.999944550083896        2.8977605945592696E-015
   91.449944326715496        2.8951191813888257E-015
   91.899944103347096        2.8916887214393660E-015
   92.349943879978696        2.8884269939451632E-015
   92.799943656610196        2.8858640927725124E-015
   93.249943433241796        2.8836374983915451E-015
   93.699943209873396        2.8808598099849182E-015
   94.149942986504897        2.8769308216917322E-015
   94.599942763136497        2.8721132579007877E-015
   95.049942539768097        2.8674146518171972E-015
   95.499942316399597        2.8638756533979271E-015
   95.949942093031197        2.8618271756932394E-015
   96.399941869662797        2.8606693878635924E-015
   96.849941646294397        2.8593080897302000E-015
   97.299941422925897        2.8568755784097566E-015
   97.749941199557497        2.8532419707586142E-015
   98.199940976189097        2.8489787914938361E-015
   98.649940752820598        2.8448544069885642E-015
   99.099940529452198        2.8412659894663483E-015
   99.549940306083798        2.8380049787203192E-015
   99.999940082715398        2.8344840708076401E-015
